
-----------------
483921657
967345821
251876493
548132976
729564138
136798245
372689514
814253769
695417382
-----------------
435269781
682571493
197834562
826195347
374682915
951743628
519326874
248957136
763418259
-----------------
956138742
237954816
481672953
594867321
128593674
763421598
879246135
312785469
645319287
-----------------
794582136
268931745
315476982
689715324
432869571
157243869
821657493
943128657
576394218
-----------------
249186573
735942186
168375429
512697348
976834251
483251967
694723815
327518694
851469732
-----------------
653287941
794631258
128945376
819724563
236859417
547163829
965372184
372418695
481596732
-----------------
152479683
368215974
974638512
416387259
783952461
529146837
237864195
891523746
645791328
-----------------
894317265
731526894
562984173
358642719
247139586
619758432
173465928
925873641
486291357
-----------------
168295374
529734618
437186529
312578496
875649132
694312785
786951243
951423867
243867951
-----------------
597468132
318927564
642153897
456832971
821796345
973514628
735641289
164289753
289375416
-----------------
379521684
284736519
651498372
732845961
548619723
196273845
917364258
425987136
863152497
-----------------
526394871
817652349
394817526
148736952
632985714
759421683
975143268
281569437
463278195
-----------------
742698513
816523947
539714682
381952764
965847231
427136859
653479128
174285396
298361475
-----------------
184726539
376859142
925413786
652137498
713984625
849265317
591372864
468591273
237648951
-----------------
715986423
689243715
324175968
963418572
841752639
257639184
132564897
596827341
478391256
-----------------
156938427
427156938
398472561
534689712
869217354
712543896
243891675
675324189
981765243
-----------------
582946731
934187625
671235849
168492357
345768912
729513486
456871293
293654178
817329564
-----------------
623815947
479236185
851794326
934678251
718952634
265143798
596387412
142569873
387421569
-----------------
762149853
385672914
194583762
527316498
946827531
831954276
453768129
219435687
678291345
-----------------
128397546
397654812
654218937
786531294
942786351
513942678
469875123
875123469
231469785
-----------------
569143287
287965431
413872695
635729148
872514963
941386752
326457819
154298376
798631524
-----------------
746912358
921358746
538467219
689745123
317286594
452139687
873591462
265874931
194623875
-----------------
675913482
482657931
391248675
817362549
263594718
954781326
749125863
528436197
136879254
-----------------
549283671
678941352
321567948
185492736
937816524
264375189
413729865
856134297
792658413
-----------------
539472816
276183954
148569723
492736581
851924637
367815249
615398472
724651398
983247165
-----------------
286145793
579632184
134789256
425896371
618327945
793514628
862951437
347268519
951473862
-----------------
567128349
934657182
281493576
346875291
752916438
819342765
195764823
423589617
678231954
-----------------
382746519
467519832
915283647
254897361
731625984
896431725
543962178
629178453
178354296
-----------------
641352897
325987641
978461352
259836714
783149265
164275983
836714529
497528136
512693478
-----------------
489356172
536721849
712984536
197435628
348162795
625879314
273548961
954613287
861297453
-----------------
167523849
984176523
325489671
798315264
642798135
531642798
476831952
213957486
859264317
-----------------
293518746
851476293
476923518
512384967
687159432
349762185
164235879
728691354
935847621
-----------------
617329584
398457621
425618739
286174953
953286147
174593862
762831495
549762318
831945276
-----------------
859632147
236174859
741895632
125948376
974326581
368517924
493781265
687259413
512463798
-----------------
496175382
785342196
312986457
547891623
823654719
961237548
178423965
659718234
234569871
-----------------
318624579
624759183
759183264
286947351
475231896
931865742
867412935
592376418
143598627
-----------------
915823746
728465319
634719582
159347268
286591473
347682195
593178624
472936851
861254937
-----------------
581497632
796235148
432168957
875914326
624783519
319526874
943852761
167349285
258671493
-----------------
513628794
682497351
794531628
836159247
457362189
129874536
975286413
348715962
261943875
-----------------
637518294
518492736
429367518
954783162
783621459
162945873
876134925
295876341
341259687
-----------------
354218697
218976354
769453812
496321578
527869143
831745926
945632781
173584269
682197435
-----------------
369415782
175892364
428367195
234179856
791586243
586234917
847621539
953748621
612953478
-----------------
927145683
146837952
358962174
581694327
694723815
273581469
769358241
812479536
435216798
-----------------
392815476
165437892
487269153
214378569
873956214
956142738
538794621
749621385
621583947
-----------------
198576432
756423981
423891657
671935248
842617593
935284716
287359164
514768329
369142875
-----------------
485126937
162397845
937584126
216973458
793845612
548612379
351768294
674239581
829451763
-----------------
425681937
793542186
168973425
972315648
531864279
846729351
289137564
317456892
654298713
-----------------
187624593
652389174
439157682
814795326
526831947
793462851
975216438
268943715
341578269
-----------------
869172354
721453689
435896127
172685493
596347812
348921576
283714965
617539248
954268731
-----------------
952346178
463781952
178529364
846197235
521463897
739258641
297615483
615834729
384972516
-----------------
487536192
612894357
593172468
348259671
761348925
925761843
839427516
256913784
174685239
-----------------
291643758
643875291
857291436
536127849
179458623
428936517
714569382
382714965
965382174
-----------------
539481276
148276359
267593814
623714985
895632147
471958632
914325768
352867491
786149523
-----------------
279156834
148739526
536284917
685913742
394872651
721465398
917328465
853641279
462597183
-----------------
715496823
483217956
962835147
634159278
891372465
527648391
379584612
146723589
258961734
-----------------
947635218
683241597
125897634
712459386
594386721
836172945
278964153
351728469
469513872
-----------------
359872146
278641539
614359872
732164985
146985327
985237614
867493251
423516798
591728463
-----------------
397815642
562497183
184623975
249358761
835176429
716942538
453269817
921784356
678531294
-----------------
917283645
354671829
862495371
429816537
586734912
173952468
231549786
745168293
698327154
-----------------
691538472
835247619
427196583
589614237
273859164
146372895
758921346
912463758
364785921
-----------------
831265974
476819532
259374816
384192657
567438129
192756348
615927483
928543761
743681295
-----------------
875963241
961482357
243571698
426798513
197635482
538124976
319257864
752846139
684319725
-----------------
365729481
241856379
798143526
579681234
123475698
486932157
812594763
954367812
637218945
-----------------
597312864
418567392
326498175
973251648
684973521
152684937
239145786
761829453
845736219
-----------------
752836941
683491527
941752638
829145376
514673892
376289154
437968215
298517463
165324789
-----------------
687253194
421978653
593164782
816549327
235781946
749326815
168435279
374892561
952617438
-----------------
813952647
647381529
925764831
279615384
584239176
136478295
391846752
752193468
468527913
-----------------
352918674
489736125
617425938
824371596
573869241
961254783
745682319
138597462
296143857
-----------------
216738954
974215638
358964172
821453769
439176285
567829341
793542816
685391427
142687593
-----------------
641587329
389214567
527963841
856791234
192345678
734826915
915672483
273458196
468139752
-----------------
284735196
379162458
516489327
158397642
962854713
437216985
645978231
793521864
821643579
-----------------
278435691
519682347
463971528
347269815
851347962
692518734
726153489
984726153
135894276
-----------------
149627853
365189247
728543196
481372569
596418732
237956418
974261385
853794621
612835974
-----------------
168279453
259143876
473685219
946851732
817432695
325796148
632917584
794528361
581364927
-----------------
216849735
753621894
489753216
832596471
947138562
561274983
174965328
695382147
328417659
-----------------
142896537
378215649
659374182
826941375
917583426
534627891
293158764
461732958
785469213
-----------------
574962318
962318457
183754269
896147523
235896741
741235896
317429685
628571934
459683172
-----------------
473261895
298345617
561987342
952418736
184673529
736529184
845196273
619732458
327854961
-----------------
873215649
249678531
651394287
514923876
386547912
927186453
432861795
168759324
795432168
-----------------
513429678
678531924
492678153
859362417
721954386
364817592
147296835
936785241
285143769
-----------------
741835269
269174358
835629741
574912683
398467125
126583497
483756912
912348576
657291834
-----------------
269854371
518732496
374196852
921685734
843279615
756413289
132568947
685947123
497321568
-----------------
876345219
925187634
341926578
453618927
682739145
197452863
239871456
718564392
564293781
-----------------
863917425
129845367
754632819
487329651
392561784
615784932
931276548
276458193
548193276
-----------------
326978541
145263879
978415236
783594612
462381957
519627483
894132765
251746398
637859124
-----------------
394675812
275841936
861239547
137492658
542768391
689513274
756984123
423156789
918327465
-----------------
925783614
784961253
136245789
893657142
562194378
417328596
359876421
678412935
241539867
-----------------
429871536
361245879
587369142
973186425
245793618
618452397
732518964
156924783
894637251
-----------------
821975436
597346218
634128795
452839167
983761524
716254983
269487351
375612849
148593672
-----------------
165842973
284397651
739561482
673984125
842175369
591623847
357416298
428739516
916258734
-----------------
418963527
362758491
579412836
783124659
295637184
641895273
954386712
127549368
836271945
-----------------
152789436
976534812
834216759
589461327
723958641
461327985
298645173
317892564
645173298
-----------------
971364285
528179346
463285917
349721658
217658439
856493172
185942763
694837521
732516894
-----------------
594712638
673498521
281653479
417825963
825936147
936174852
349261785
162587394
758349216
-----------------
651834927
479512368
328769415
135928674
746153289
892476531
967385142
214697853
583241796
-----------------
963714852
247859631
851326749
526493187
739185426
184672593
375968214
698241375
412537968
-----------------
512347968
743698521
689251437
137564289
456982713
298713645
871425396
364879152
925136874
-----------------
986325714
714986253
325471698
632149587
849752136
157863942
573298461
298614375
461537829
-----------------
682371945
497265183
351984627
516492378
749538216
823716594
238157469
964823751
175649832
-----------------
365712489
412859637
789643152
691574823
574238916
823196745
247361598
936485271
158927364
-----------------
618435792
932718654
574962381
467293815
293581467
851647239
789126543
345879126
126354978
-----------------
286753149
735194682
941628375
198475263
623981754
574236891
857319426
419862537
362547918
-----------------
276814395
189536274
453729681
562183947
794652138
318497562
631278459
845961723
927345816
-----------------
815649723
469372158
732851694
693785412
248196375
157423986
521964837
974538261
386217549
-----------------
359647812
768219543
214853679
873921465
921564738
645378921
582736194
496182357
137495286
-----------------
796528314
842137695
135694287
954783162
261459873
387261549
673842951
428915736
519376428
-----------------
569287134
371495628
248631597
826549371
415763289
793812456
954128763
637954812
182376945
-----------------
943827165
561394872
827615394
286531947
739482516
154769238
418956723
695273481
372148659
-----------------
874932516
639154278
215768943
943271685
586493127
721586439
392647851
158329764
467815392
-----------------
518972643
364851972
927643581
789526134
156437829
243189765
632715498
495268317
871394256
-----------------
395827164
681534792
274916853
427358916
853169427
916742538
162485379
549273681
738691245
-----------------
871594362
493672815
562183497
384917526
156248739
729356184
615439278
247861953
938725641
-----------------
851437692
734629581
629851473
468572139
215983746
973164825
346795218
597218364
182346957
-----------------
469753218
735218694
812694573
591326487
374589126
628147935
247861359
186935742
953472861
-----------------
156932874
948571362
372846591
721394658
695218743
834657219
413725986
569183427
287469135
-----------------
592476138
813925674
674831925
761382459
459617382
328549761
135264897
246798513
987153246
-----------------
423758916
179623458
658491237
541879362
392516784
867342195
235167849
984235671
716984523
-----------------
185923647
739416528
642578319
916852734
473691285
528347196
397185462
264739851
851264973
-----------------
278653419
153948672
469721583
395472168
814369725
726815934
631584297
587296341
942137856
-----------------
874631592
631592847
592874613
253149786
467283159
189756324
928365471
345917268
716428935
-----------------
542938617
176254839
389761425
261479358
753816942
498523176
624387591
915642783
837195264
-----------------
981725634
327496581
564381279
436579812
872614953
159238467
215963748
693847125
748152396
-----------------
371695248
659284317
248137659
983512476
524876193
167943582
715328964
492761835
836459721
-----------------
147598362
295163478
386427519
569381247
423679851
871245693
618952734
734816925
952734186
-----------------
241935678
786142539
593678142
935781264
817426395
462593781
629817453
154369827
378254916
-----------------
296341758
143785692
875692341
462517839
938264517
517839264
329476185
781953426
654128973
-----------------
748315269
965872134
231946578
523789416
197564382
684123957
812457693
459638721
376291845
-----------------
978362541
145789632
263415798
514927863
796834215
832651479
481296357
357148926
629573184
-----------------
145239768
896475132
732618945
328164579
957823614
461597283
573981426
219346857
684752391
-----------------
652431897
973258416
148697532
539762148
214983765
786145923
861379254
425816379
397524681
-----------------
327658194
568149327
941273586
692517843
715834962
483962715
876495231
159326478
234781659
-----------------
243715986
851964732
796238514
912853467
365497821
478621359
627389145
189546273
534172698
-----------------
368915724
519724368
724836591
872569143
653148972
941273685
196452837
485397216
237681459
-----------------
256984731
987631245
341257869
523178496
469523187
178496352
794815623
815362974
632749518
-----------------
126954378
458673921
739218456
672395814
915487632
843162795
384721569
561839247
297546183
-----------------
597823641
286514739
314697528
172946853
648352197
953781264
465138972
731269485
829475316
-----------------
468215397
321879654
795643821
954321768
682457913
137968542
513794286
279186435
846532179
-----------------
713946285
954218637
628753419
365487192
847129356
291365874
176894523
489532761
532671948
-----------------
825619743
916743852
473528916
759132468
642875391
138964527
591287634
367451289
284396175
-----------------
659318247
872456931
143279586
798562314
524831679
316947852
965184723
437625198
281793465
-----------------
198325674
623794158
754681239
319847526
265139487
847256913
972413865
431568792
586972341
-----------------
716439285
394285176
825167934
269374851
473851629
158926743
542698317
687513492
931742568
-----------------
841953627
359762841
762814935
634581792
985427163
127396584
493675218
278139456
516248379
-----------------
291745386
386291475
547386912
473518269
815962734
962473158
154827693
728639541
639154827
-----------------
742539816
519862473
638417952
475283691
196754238
823691547
251346789
987125364
364978125
-----------------
396425178
247819356
185673429
634587291
758192634
912346587
479231865
521968743
863754912
-----------------
951267438
374518629
862349157
598421376
617935842
243786915
126854793
785193264
439672581
-----------------
167293845
893514762
425687193
736142958
518369427
249758631
971425386
354876219
682931574
-----------------
921356478
385174926
476982531
214567893
863419257
597238614
658793142
132645789
749821365
-----------------
821369547
547218639
936475281
762531894
153894762
498627315
374156928
619782453
285943176
-----------------
756843192
943521768
128679354
875936421
631284975
294715683
362157849
517498236
489362517
-----------------
781493562
954612783
263758194
438167925
125389476
697524318
812945637
579236841
346871259
-----------------
697148235
143257968
258369147
376591482
519482376
824673519
435726891
962814753
781935624
-----------------
952431876
378652149
461789532
719368254
245917368
836245791
193876425
524193687
687524913
-----------------
719482365
635917284
824635197
196528743
347169528
582374916
471893652
268751439
953246871
-----------------
215736498
936482175
748591236
891324657
567918342
423675981
382147569
154869723
679253814
-----------------
613725489
275498361
849163257
932617548
584932176
761584932
426379815
158246793
397851624
-----------------
256174938
714983562
389526417
561842379
892357641
437691285
623715894
975438126
148269753
-----------------
821957634
647832159
395146287
572369841
963481572
418275963
136524798
254798316
789613425
-----------------
987524316
452361798
136897425
365489172
821673954
794152683
619235847
273948561
548716239
-----------------
921648573
846357192
375291864
593874621
162539487
784162359
239485716
418726935
657913248
-----------------
523681794
819745236
764329851
982137465
371456928
456298317
247513689
138964572
695872143
-----------------
568193427
174825396
923476158
712648935
635719842
489352671
897264513
246531789
351987264
-----------------
612798534
879354162
345612978
584976213
231485796
967123845
756849321
498231657
123567489
-----------------
423571689
689432157
517869324
261943875
395287461
748156932
154628793
976315248
832794516
-----------------
316278594
874159326
592463781
158792643
467381952
239645178
721534869
683927415
945816237
-----------------
947328615
325619487
186547923
514763298
673982541
298451376
762895134
431276859
859134762
-----------------
945317268
173628594
286459137
527943681
314286975
698175342
459861723
732594816
861732459
-----------------
216873495
378594621
594126378
132459786
459687213
687312954
965741832
741238569
823965147
-----------------
627591348
198243576
534867219
856724931
419385627
273916854
985472163
341658792
762139485
-----------------
285417396
967325814
143986527
621573948
839264751
574198263
496732185
318659472
752841639
-----------------
254678391
913425867
678913254
341789625
789256413
562134978
136897542
425361789
897542136
-----------------
823514796
415967823
769832145
246753981
537189462
981426357
378295614
154678239
692341578
-----------------
395762418
418593762
627841953
281659374
956437821
734218695
849175236
172386549
563924187
-----------------
359168742
724395861
186274593
432689157
571432986
968517234
647951328
215843679
893726415
-----------------
412897635
365421879
798536412
629354187
543178296
187269543
951683724
274915368
836742951
-----------------
413529678
987634152
652781394
739812465
546973281
128456739
261398547
395247816
874165923
-----------------
179463258
648925173
253187649
482351796
531679482
967248315
396514827
815732964
724896531
-----------------
249176358
675398421
138425976
917632584
854719632
362584197
521843769
796251843
483967215
-----------------
681254397
942783615
573961284
416839752
358627941
729415863
167348529
295176438
834592176
-----------------
386457291
574192368
921386754
163875429
249613587
758924613
697541832
832769145
415238976
-----------------
256734918
487192653
193865427
372941865
914658732
865273149
629517384
748326591
531489276
-----------------
751392846
436581729
982746513
817235694
594618372
263479185
679823451
145967238
328154967
-----------------
758429361
412836957
396715284
183542796
675198423
249673815
564987132
937261548
821354679
-----------------
694183572
813752496
257946183
176834925
485629731
329517648
532491867
961278354
748365219
-----------------
927568134
854319267
136427985
582943671
671285349
349176852
498731526
265894713
713652498
-----------------
275984613
948136275
316257894
127563948
583492167
469871352
654329781
892715436
731648529
-----------------
814923756
796154823
235867914
459386271
172549638
683712495
328475169
547691382
961238547
-----------------
813659274
274138596
695247813
156723489
932481657
487965132
361594728
728316945
549872361
-----------------
349827561
615439827
728516439
153678294
962154783
487293615
836741952
571982346
294365178
-----------------
439268751
862715943
715349862
381697425
524183697
976524318
653472189
197856234
248931576
-----------------
412537869
963184527
785296431
156872394
827943156
394651782
548729613
679315248
231468975
-----------------
324867519
587192463
691543872
162359748
953478126
748216395
819725634
436981257
275634981
-----------------
978165324
526374981
134289576
843751269
715692843
692843157
457938612
361527498
289416735
-----------------
967583241
435261987
812749635
796135824
583624719
124978356
251397468
349816572
678452193
-----------------
892571346
457263981
361948725
523614879
176892534
984735612
618457293
735129468
249386157
-----------------
947351826
286794351
351826974
895162743
734589612
612473589
179235468
468917235
523648197
-----------------
972635481
536841927
184927365
498216573
263574198
751398246
619483752
827159634
345762819
-----------------
245967138
396184527
718352946
457629813
839741265
162835479
624578391
571493682
983216754
-----------------
368592471
475183692
129467385
742956813
596831724
813724569
937615248
651248937
284379156
-----------------
321856947
749132685
658479213
875914362
436725891
912683574
567391428
193248756
284567139
-----------------
751264398
389517246
642983157
196425783
425738961
873196524
234679815
518342679
967851432
-----------------
293518746
476932518
851674293
512496837
964387125
387251469
745163982
628749351
139825674
-----------------
247385961
863921547
951764382
372196854
685432179
194857623
518249736
439678215
726513498
-----------------
147829536
362514897
958367142
283956714
714238659
695471328
821643975
436795281
579182463
-----------------
932864571
158729463
647135928
273941856
586372149
491658237
865293714
329417685
714586392
-----------------
695438712
271695438
843127659
486912375
537846291
129573864
752389146
364251987
918764523
-----------------
638925417
529147683
147863592
215479368
974386251
386512749
861234975
453791826
792658134
-----------------
617593842
942867513
358124796
429718365
536942178
871356924
293481657
765239481
184675239
-----------------
962843715
438517926
175296348
381925467
746138259
259674183
517362894
894751632
623489571
-----------------
379468152
281795346
456132798
928647531
647351289
135829467
713984625
594216873
862573914
-----------------
938726541
672145893
154938726
387562419
419387652
265491378
526879134
841253967
793614285
-----------------
975361248
462875319
138429657
627538491
351942876
849716523
513287964
286194735
794653182
-----------------
952731648
741682359
638945127
186324795
324579816
579168432
465893271
217456983
893217564
-----------------
126754389
398612547
754398216
679521438
543867921
281943675
862135794
415279863
937486152
-----------------
248561739
593247861
167893254
916432578
324758196
785916423
651324987
832179645
479685312
-----------------
943857612
862941753
571236984
486725139
139684527
257319846
395162478
724598361
618473295
-----------------
781649325
235817469
946352871
193426587
628175934
574938216
359781642
467293158
812564793
-----------------
198756234
276438951
435129786
962384517
751962348
843517629
527641893
684293175
319875462
-----------------
185439627
693257148
247816593
469385712
358721964
721694835
814563279
536972481
972148356
-----------------
568439712
917285463
423617598
134752986
896341257
275896134
752168349
649523871
381974625
-----------------
645213798
813976452
297845613
738159264
461782539
529634871
152497386
974368125
386521947
-----------------
967415823
214389567
538267491
496153782
375928614
821746935
159872346
643591278
782634159
-----------------
267915348
195348267
834627915
572891634
918436572
643572891
426153789
789264153
351789426
-----------------
813645279
465729183
927831456
581296347
732458961
694317528
348162795
156974832
279583614
-----------------
927643815
436518792
158927436
579164283
641382957
382759164
764831529
893275641
215496378
-----------------
594231876
321876954
687495132
478519263
915362748
263784591
736158429
152943687
849627315
-----------------
217836495
683954217
549712386
458169732
721543968
936287154
894375621
162498573
375621849
-----------------
587246139
634891275
912735846
859673412
421958367
376124958
748362591
195487623
263519784
-----------------
763924851
185637429
942158763
237596184
418372596
596841372
354289617
821763945
679415238
-----------------
473856192
569421783
821739456
298374615
734615928
615982347
356198274
187243569
942567831
-----------------
137526984
694387215
825149367
316492578
479815632
258763491
942671853
783954126
561238749
-----------------
652947318
497381625
831652947
289174563
174536289
365298174
928465731
713829456
546713892
-----------------
851632947
623974185
497158623
186547239
932861574
574293816
245786391
768319452
319425768
-----------------
378251694
912674538
645983127
834197265
297568341
561432789
729345816
186729453
453816972
-----------------
178296534
962354178
543817629
429735816
681429753
735681942
297163485
854972361
316548297
-----------------
719562843
265438179
843917652
198274536
472653918
356891724
937146285
624785391
581329467
-----------------
693274581
428165397
715938624
549623718
187549263
362781459
856497132
234816975
971352846
-----------------
673942158
912578346
485163792
298431567
764895213
351627489
526319874
139784625
847256931
-----------------
256491738
471238569
893765421
534876192
629143875
718529643
945387216
162954387
387612954
-----------------
491736582
376582941
285491376
517269438
834157629
962348715
149875263
623914857
758623194
-----------------
562719834
897453612
341862759
259381476
674295381
183674295
718946523
936527148
425138967
-----------------
258413967
143967852
796258134
815376429
962541378
437829516
374695281
689132745
521784693
-----------------
435179826
917286354
628354971
241937568
596418732
873625149
169743285
382561497
754892613
-----------------
385692741
947183265
162754893
279861354
518347926
436925187
891576432
623418579
754239618
-----------------
746395821
521847936
893261457
234586179
179432685
658719342
462978513
315624798
987153264
-----------------
925741386
467938125
813625947
194356872
672894513
538172469
751463298
289517634
346289751
-----------------
458763912
627819345
913425876
842637159
391582467
765941283
289156734
574398621
136274598
-----------------
519847623
237916485
864352719
651239847
478165392
923784156
342578961
196423578
785691234
-----------------
925614378
734298615
816735924
479582136
158963247
263147859
642359781
597821463
381476592
-----------------
894251736
251736948
736489251
419827563
368915427
572643819
923568174
685174392
147392685
-----------------
361582479
258794613
974631582
513927846
896345721
742168935
189453267
627819354
435276198
-----------------
581643297
392785416
674219538
138927654
465831972
927456381
849372165
716594823
253168749
-----------------
267519438
915843726
384627159
152964873
736281594
498735261
571398642
823456917
649172385
-----------------
731826495
945371826
682459173
874693251
169582734
253147968
398715642
517264389
426938517
-----------------
175489623
623157849
498362175
254713986
986245731
317698452
832976514
761534298
549821367
-----------------
638251479
147869532
952347816
215634987
789125364
463978125
576483291
394712658
821596743
-----------------
465187293
793625148
218934756
937251684
846793521
521468937
654372819
189546372
372819465
-----------------
718243659
542967138
369815247
951638472
427159386
836724591
293471865
174586923
685392714
-----------------
358942617
729561384
641837592
865723941
934158276
172496853
287619435
593274168
416385729
-----------------
619723458
352849167
874651329
261935784
593487216
487162935
936514872
725398641
148276593
-----------------
283617495
496582317
715934826
349258761
572146938
861379254
638795142
957421683
124863579
-----------------
127435968
354689271
698712534
912347685
586291743
743856129
875963412
239174856
461528397
-----------------
215698734
437521896
968374512
186745329
392186457
754932681
623817945
549263178
871459263
-----------------
761984532
328715496
459263187
875492613
613578924
942631758
137849265
594326871
286157349
-----------------
594782163
827136945
631954278
352698714
418527639
976341582
263819457
745263891
189475326
-----------------
231849675
957326148
648751239
786914523
194532786
523687914
475268391
319475862
862193457
-----------------
693458217
174923685
582167394
469271538
217835946
358649172
726394851
941582763
835716429
-----------------
928471563
147356982
635289714
791562348
483197625
256834197
879645231
514923876
362718459
-----------------
932867145
768514239
514932876
643728951
287195364
195643728
351479682
479286513
826351497
-----------------
587319462
162458937
934672851
619825743
453796128
728143596
896531274
345287619
271964385
-----------------
576321984
413859627
289476351
394265718
827194536
165783492
632948175
948517263
751632849
-----------------
674258931
852913746
391647285
429186357
537492168
168375429
983521674
215764893
746839512
-----------------
246785913
319264587
587391246
493812765
765943821
821576394
172439658
658127439
934658172
-----------------
435921687
978653124
612748539
249386715
157294368
863175492
591867243
786432951
324519876
-----------------
832615974
947283651
561794283
418937562
753826149
629451837
275369418
396148725
184572396
-----------------
982136754
364597182
571842396
856724913
193658247
427319568
749285631
235461879
618973425
-----------------
431269578
925781643
867453129
248536791
653197284
719842365
186925437
374618952
592374816
-----------------
254176983
197283654
683594712
712639845
546812397
839457261
925361478
361748529
478925136
-----------------
436781592
278539164
915246387
561374928
892165743
743892651
354918276
627453819
189627435
-----------------
913472568
658931742
472586139
295163874
361748295
847295316
784329651
536814927
129657483
-----------------
687195234
143682579
952734816
798356142
435271698
216948357
364529781
529817463
871463925
-----------------
213498657
874561329
596237148
462185793
759643812
138972465
627819534
981354276
345726981
-----------------
453291768
962387145
187654239
379512486
546978312
821436597
615749823
794823651
238165974
-----------------
862359714
593174826
471862359
327685491
914237568
658491237
286713945
745926183
139548672
-----------------
427651983
358947621
961382574
746135298
289764135
135298746
593426817
674819352
812573469
-----------------
763249185
425138769
891657342
149823657
576914238
382576914
218395476
957461823
634782591
-----------------
813269574
495378612
672451938
586124793
937685241
241793865
129836457
754912386
368547129
-----------------
948173526
612845973
735269481
561497832
824631759
397528614
456712398
189354267
273986145
-----------------
746953812
539812647
821467935
154738269
268591374
397624158
482376591
973185426
615249783
-----------------
691283745
547169832
283547961
814735296
375926184
962418573
728354619
139672458
456891327
-----------------
751649238
283175964
649823571
428396715
396517482
517482693
162934857
875261349
934758126
-----------------
635429781
489317256
712586943
897241365
326875419
154963872
948652137
573198624
261734598
-----------------
734128695
596347128
821659374
165293847
983714562
472865913
259436781
318972456
647581239
-----------------
186794532
352681974
974235618
423519786
519876243
768423159
895142367
241367895
637958421
-----------------
357248619
619537824
284619375
491862753
862753941
573194286
138925467
925476138
746381592
-----------------
597268413
682314957
413579862
835196274
961742538
724853691
349627185
258931746
176485329
-----------------
694378125
372519846
581624937
138795462
927146358
465283719
259437681
713862594
846951273
-----------------
958643172
723185964
416972583
549831627
831726459
267594318
375418296
692357841
184269735
-----------------
354172869
129468753
768935421
297543186
685217394
413689572
842356917
971824635
536791248
-----------------
148697523
372548961
956321478
567983214
419276385
823154796
691432857
735819642
284765139
-----------------
512486379
684793521
973125486
451938267
267514893
839672154
145269738
326847915
798351642
-----------------
623718459
147956238
958423761
586172394
439865172
271349586
864531927
795284613
312697845
-----------------
451879623
289536741
637412895
928357164
143698572
765241938
894163257
316725489
572984316
-----------------
295864731
174923856
863175942
941256387
386749215
527381694
712438569
639517428
458692173
-----------------
589274361
361958724
742631598
973126485
154897632
826543179
635489217
218765943
497312856
-----------------
675142983
183697245
249358671
734569812
812734596
596821734
327486159
951273468
468915327
-----------------
831476592
675219384
942538167
193782645
456391278
287645913
328164759
519827436
764953821
-----------------
759432618
431896257
682157943
397615824
165248739
824379561
273961485
548723196
916584372
-----------------
736129458
485736912
192548637
263875194
941263785
857914263
678392541
514687329
329451876
-----------------
234865197
618729543
795314826
982153764
376248951
541976238
859631472
123497685
467582319
-----------------
945178326
238469715
617352984
472916853
591783462
386524197
769835241
124697538
853241679
-----------------
689452713
245713689
713698542
891275364
537864291
462139875
158926437
926347158
374581926
-----------------
581926347
924537861
376814592
452678139
867391425
139245786
798163254
245789613
613452978
-----------------
431759862
628134957
957268431
792843615
864521793
315976284
146387529
589412376
273695148
-----------------
572918436
364752891
981634527
193586742
247391685
856427913
425179368
638245179
719863254
-----------------
814759263
362418795
579236481
436125879
125897634
987643152
743961528
258374916
691582347
-----------------
493521786
176348592
582769314
327854169
961273845
854196237
748635921
635912478
219487653
-----------------
317569428
248713569
956428731
873152694
125946873
469387152
794835216
631274985
582691347
-----------------
321786459
945213768
678495321
192647835
764538912
583129647
459372186
237861594
816954273
-----------------
853694217
724185639
961723485
238976541
697451823
415832976
372568194
549217368
186349752
-----------------
894765132
127493856
356812947
518379624
642158793
739624518
963547281
475281369
281936475
-----------------
673452981
219837654
485691273
951274368
368915742
742386195
827149536
194563827
536728419
-----------------
248957316
795613824
361284795
127345968
453869271
986721453
674198532
532476189
819532647
-----------------
217534896
986712534
345869217
173948625
498625173
562371489
834157962
751296348
629483751
-----------------
189243657
326715984
547896231
213479865
978652413
465138729
634527198
752981346
891364572
-----------------
648375912
735912648
291468375
914856723
876123459
523749861
169284537
357691284
482537196
-----------------
128457963
639128475
475963821
862719354
397245186
541386792
754691238
283574619
916832547
-----------------
269875431
548193672
371642859
415728963
693451728
782369145
937516284
156284397
824937516
-----------------
624758391
913426578
758913462
846235917
231679845
579841623
392567184
167384259
485192736
-----------------
571286349
923174865
486593172
817942653
392658714
654731928
749365281
165829437
238417596
-----------------
975438216
261975483
483216957
147562839
632897541
859143672
724681395
518329764
396754128
-----------------
462573891
938412576
751869423
347621985
126985347
895347612
284756139
513294768
679138254
-----------------
937152846
152648973
864379152
349821765
281765439
576934281
628597314
413286597
795413628
-----------------
653421879
948357612
217689345
379862451
126745983
485193726
831276594
792534168
564918237
-----------------
254893167
698715324
713642589
547381692
926457831
381926745
169278453
872534916
435169278
-----------------
483671592
259348617
176952438
865419723
941237856
327586149
638125974
594763281
712894365
-----------------
725683941
683491275
149572683
961825437
374169528
258734196
592318764
437956812
816247359
-----------------
762814935
389725641
451693728
528367194
946158372
173249586
297581463
814936257
635472819
-----------------
341768259
952143876
678952431
735296148
486317592
129485763
264879315
897531624
513624987
-----------------
345876129
687192534
921543768
198765243
564239871
732481956
813627495
476958312
259314687
-----------------
754132896
896745312
231986745
618397524
425861973
973524168
182673459
367459281
549218637
-----------------
628794153
473158692
915632748
859346217
362571489
147829536
231487965
784965321
596213874
-----------------
971258634
568437219
342916875
219873546
783564192
654192783
126389457
435721968
897645321
-----------------
438961257
259748631
617532498
596473182
382196574
174285369
961327845
723854916
845619723
-----------------
847596231
253741689
169238457
982164573
416375928
735982164
671423895
598617342
324859716
-----------------
931652784
485917362
726834159
894761523
167523498
253498617
642179835
579386241
318245976
-----------------
782135496
365942871
941867325
578613249
294758163
136294587
859471632
623589714
417326958
-----------------
685917324
791243568
234568791
359724816
816395472
427186953
178452639
963871245
542639187
-----------------
674928513
153467829
298351746
531792468
826514937
947836251
765283194
382149675
419675382
-----------------
458237169
273916845
691854723
849521637
527683491
136479582
365142978
714398256
982765314
-----------------
327196845
156483729
849725163
532819476
684357291
791264538
263578914
478931652
915642387
-----------------
582176394
136495827
974823516
651789243
423561978
798234165
317948652
849652731
265317489
-----------------
957316428
618724593
243985671
425198367
879563142
361472985
184259736
592637814
736841259
-----------------
561324789
247918563
839756214
184579632
672143958
395862471
723691845
458237196
916485327
-----------------
796145328
814237596
253986147
378654912
165392784
942871653
527469831
439718265
681523479
-----------------
153498267
684257193
279163458
962781534
817534926
345926781
796315842
531842679
428679315
-----------------
983174562
514623789
267859134
426987315
798315426
135246897
859732641
372461958
641598273
-----------------
618924357
372651498
549837216
263548179
854179623
197263584
985316742
726485931
431792865
-----------------
497218635
368594721
521736849
719465283
234189567
685372194
146927358
853641972
972853416
-----------------
831492567
924756183
675831492
516379248
783214956
492685371
147528639
258963714
369147825
-----------------
167394852
395728461
284561973
419672385
856143729
732985146
628439517
573816294
941257638
-----------------
695482713
143679285
827315946
276538194
381794562
954126837
412853679
769241358
538967421
-----------------
281679435
679435182
345821679
197542368
853716924
426983517
934267851
562198743
718354296
-----------------
529418637
768923451
314756892
876542319
293871546
145639728
631285974
957164283
482397165
-----------------
978653241
356241798
421978536
564782319
139465827
287139654
793824165
842516973
615397482
-----------------
458163297
739842516
126975438
387694125
241537689
965281743
613459872
594728361
872316954
-----------------
768132495
235947816
914568273
583476921
192853647
476219358
341625789
827391564
659784132
-----------------
962357814
148269573
735184926
357926148
281473659
694815732
529631487
413798265
876542391
-----------------
643982175
192756384
785134629
934218567
826597431
571463298
219675843
367841952
458329716
-----------------
981724365
365981274
472563189
217895643
536247918
849316527
724159836
698432751
153678492
-----------------
195847362
842536179
376219485
689451237
431728956
257963841
964372518
723185694
518694723
-----------------
529178463
346952871
718346592
964523187
153789624
287461935
835294716
671835249
492617358
-----------------
871235496
932468175
564971382
216597834
458312769
397684521
689143257
745826913
123759648
-----------------
561837492
298654173
374921685
613742958
985316724
427598361
732489516
849165237
156273849
-----------------
937682415
826541937
514793682
362417598
189265743
475938261
243856179
791324856
658179324
-----------------
583291674
647853921
912467853
861529437
395746182
274138569
438612795
759384216
126975348
-----------------
854732691
327961548
169485273
732198456
415673829
986254137
643519782
278346915
591827364
-----------------
458923617
732641958
916587432
891456273
273819546
564372891
647235189
325198764
189764325
-----------------
254619873
691738425
387425169
513246987
428957316
976381254
842563791
169874532
735192648
-----------------
683249175
729516348
514378962
278461539
146935287
935782614
457193826
891624753
362857491
-----------------
593248176
284671953
176539824
417382569
629457381
835196247
741925638
362814795
958763412
-----------------
321597684
597846321
846213975
219378546
654129837
738654192
485962713
173485269
962731458
-----------------
481739526
379265814
652841973
564328791
793156482
218497635
145983267
936572148
827614359
-----------------
123867594
867594231
945123786
431659872
659782143
782431965
276945318
594318627
318276459
-----------------
138794652
742865319
965123748
359246871
681357294
274918536
817639425
593482167
426571983
-----------------
174825639
963174852
582396174
851943726
627581493
349267581
218459367
496738215
735612948
-----------------
163428579
729356148
548791362
237914685
915867234
486235791
671549823
892173456
354682917
-----------------
481572963
297631854
635489721
854196237
172853496
963724185
726945318
318267549
549318672
-----------------
123768954
785492613
469135728
257346189
396581247
841279365
638924571
914657832
572813496
-----------------
586734129
219658734
437291658
674389512
398512467
152476893
945127386
863945271
721863945
-----------------
654827931
913654287
872139654
746283195
231965748
598741326
469512873
125378469
387496512
-----------------
513896274
976234185
428751963
781349652
265178349
394625817
837512496
659483721
142967538
-----------------
267458913
458139762
931672584
143296857
692785341
875341296
524917638
719863425
386524179
-----------------
462913758
391875246
758642193
925184367
814736529
637259481
579461832
146328975
283597614
-----------------
816945372
432761598
579382146
258619437
197423685
643578219
924836751
381257964
765194823
-----------------
468195327
532476891
179283456
956814273
347962518
821537964
685321749
213749685
794658132
-----------------
824937561
739651842
516824973
148563297
273149685
695278314
467382159
982715436
351496728
-----------------
291875634
857436219
436912857
672358491
514297386
389164572
723681945
168549723
945723168
-----------------
681392574
745168392
293547861
352984716
968713425
174256938
429871653
536429187
817635249
-----------------
215739864
973468125
684215739
458697213
796321548
132854697
549182376
327546981
861973452
-----------------
283169754
475832916
961754238
528397641
614285379
739641582
156423897
342978165
897516423
-----------------
348719652
719265483
562348197
497683521
683152974
251497836
926874315
135926748
874531269
-----------------
845762193
291534876
673918524
916275438
384196257
527843961
769421385
452387619
138659742
-----------------
593142768
427968135
618537249
235671984
176489352
984253671
752394816
349816527
861725493
-----------------
458976123
971243856
362815974
723168549
594732618
186459237
235687491
817594362
649321785
-----------------
927186543
546932178
381574962
269458317
713629854
458317629
834761295
192845736
675293481
-----------------
864375192
357129648
291486573
129638457
483517269
576294831
638751924
715942386
942863715
-----------------
127683459
638594217
549172863
263417985
481359672
795268341
916835724
354726198
872941536
-----------------
973524816
258619347
614873925
431296758
829457631
765381492
597148263
382965174
146732589
-----------------
169582374
287349561
435671892
392165487
518734629
746928153
821457936
654293718
973816245
-----------------
275438196
436195728
198762453
319247685
567981234
824356971
981623547
743519862
652874319
-----------------
532167894
918245637
764983152
421358976
853796241
679421583
145872369
396514728
287639415
-----------------
368124759
975386214
214759836
536497128
149238675
827561493
753842961
492615387
681973542
-----------------
291685347
685473921
437219865
128734659
543926178
769158234
314592786
952867413
876341592
-----------------
795831246
624957138
183462579
317285694
542796381
968143752
851324967
476519823
239678415
-----------------
234986517
715234689
698157432
586342971
341798256
972615348
163579824
827463195
459821763
-----------------
786249351
135687249
924135786
359861427
261574938
847392615
678453192
492718563
513926874
-----------------
368524791
927613548
415798236
839147652
652839417
174265983
791486325
583972164
246351879
-----------------
865913427
319472586
274586913
458267139
193854762
726139845
642798351
537641298
981325674
-----------------
516829734
289374615
374165892
637498251
152736948
498251376
865917423
921643587
743582169
-----------------
967483125
583127649
421659738
138296574
745318962
692745381
354972816
279861453
816534297
-----------------
159246387
264837951
783951264
376584129
428169735
915723846
841375692
537692418
692418573
-----------------
635487921
291563784
847219365
764128593
182395647
953674812
318952476
476831259
529746138
-----------------
793546128
182379456
465128973
621485739
879213645
354967281
517632894
236894517
948751362
-----------------
349286157
712954368
856173924
287349615
493561872
561728493
174892536
928635741
635417289
-----------------
597213846
284596317
316847529
923651784
748932165
651784293
465178932
172369458
839425671
-----------------
482695317
317842596
956713284
134986752
879254163
265137948
728569431
541378629
693421875
-----------------
351278649
964531728
287496513
842769351
796153482
513842976
179384265
625917834
438625197
-----------------
657928431
892134756
431675298
275346189
918257364
364819527
583761942
149582673
726493815
-----------------
741362958
589741632
362958741
936827514
154639287
827514369
273486195
495173826
618295473
-----------------
358471629
427963158
691285347
569738214
142596783
873124596
915647832
734852961
286319475
-----------------
941526378
375841926
268793451
432965817
689217534
517438692
726389145
194652783
853174269
-----------------
714256983
839714265
625398471
381425796
257169348
946837152
462981537
198573624
573642819
-----------------
615372849
734891526
982465731
468237195
159684273
273159468
897526314
346718952
521943687
-----------------
389745162
745612893
261839754
517428639
493567218
826391547
654283971
138976425
972154386
-----------------
918245367
523876491
674193852
136582974
789614523
245739618
351928746
892467135
467351289
-----------------
752364819
894715623
136289475
921643587
643857192
587921364
368592741
479138256
215476938
-----------------
658413297
914762853
372985614
187234569
569871432
423596178
746358921
831629745
295147386
-----------------
418596732
569237184
732481659
627349518
145728396
893615247
284173965
376954821
951862473
-----------------
573841962
814269573
926357814
459726138
367185429
182934756
231478695
698512347
745693281
-----------------
251867943
674932851
839415726
568724139
913658472
742391568
325179684
497286315
186543297
-----------------
428376519
196452378
537918624
342769851
851234796
769185432
973641285
615827943
284593167
-----------------
851239746
293647518
764815293
918753624
426198357
375462189
187324965
649571832
532986471
-----------------
514879632
263451897
789362514
976528341
431697258
852134769
145786923
628943175
397215486
-----------------
879613425
524798163
163425798
791536842
458172639
236849571
682357914
915264387
347981256
-----------------
184967523
769523418
352184697
876459231
493218765
521736984
935671842
248395176
617842359
-----------------
465879231
327154698
189362547
543618972
672495183
891723456
916537824
758241369
234986715
-----------------
416897523
729351684
385264917
942683751
571942368
638715249
163578492
857429136
294136875
-----------------
415273698
879641253
236859174
627538941
384916725
591427386
762184539
158392467
943765812
-----------------
581642739
674931825
932758416
849215673
215367984
367489251
196823547
723594168
458176392
-----------------
689175432
523469871
147238965
458917326
791623584
236854719
865341297
972586143
314792658
-----------------
156798324
438625917
279314685
392456871
541987263
867132549
723561498
984273156
615849732
-----------------
319872564
287564193
645193278
598721346
462385719
173946852
856219437
921437685
734658921
-----------------
918673542
257894163
436152789
794385216
583261497
621947358
365719824
179428635
842536971
-----------------
286513479
514697238
397248165
825769341
479321856
631485927
963152784
748936512
152874693
-----------------
854126937
732495186
916783452
148357629
295861743
673249518
329614875
581972364
467538291
-----------------
138462597
527983641
946751832
874319265
692845173
315627489
269574318
781236954
453198726
-----------------
319562784
652478319
487931526
823745691
961283457
745196832
178659243
234817965
596324178
-----------------
659843271
483127596
127569834
748391652
316254987
295678143
571932468
864715329
932486715
-----------------
519683274
734129865
682457319
928514637
157236948
463798152
275961483
341872596
896345721
-----------------
489263715
715489326
362571489
596712843
273894561
841356297
154627938
627938154
938145672
-----------------
716248935
248359617
953671824
392584761
571936248
864712359
139427586
427865193
685193472
-----------------
781293456
932654718
465817392
326978541
548136927
179425863
814769235
657342189
293581674
-----------------
381694752
257831964
649572813
724916538
835427196
196385247
963258471
512743689
478169325
-----------------
783549126
126738954
594621378
618972543
245386719
379154682
952867431
431295867
867413295
-----------------
514287693
693154872
728396514
156739248
247618359
839425761
362541987
485972136
971863425
-----------------
657483291
283159746
194672385
729514863
465328917
831796452
518937624
976245138
342861579
-----------------
132874695
965132487
784956132
613289754
249517863
857643921
576428319
328791546
491365278
-----------------
492875316
875163924
136294758
984527631
527316489
613948275
268431597
341759862
759682143
-----------------
546297318
183456729
972318645
394761582
617825934
825934167
438179256
761582493
259643871
-----------------
436972581
815364279
729815346
942756138
381249765
657138924
164523897
593487612
278691453
-----------------
713928654
564371829
289465173
675142398
938657241
421893765
197586432
856234917
342719586
-----------------
763924851
925187634
148563279
284316597
316759482
579248163
457632918
831495726
692871345
-----------------
297341658
684275139
531689724
319468572
725913846
468752391
956827413
143596287
872134965
-----------------
129478356
654392718
387156492
872615934
913847625
465239187
236984571
741523869
598761243
-----------------
249683175
368571249
157942863
892417356
635829417
714365982
971254638
483796521
526138794
-----------------
179258436
852634971
364179852
296817543
548963217
731425689
427386195
915742368
683591724
-----------------
746892315
852314697
139675428
583961742
274583961
961427583
328746159
497158236
615239874
-----------------
731489562
852167943
946253187
193825674
674391258
528674319
287916435
315742896
469538721
-----------------
164278953
972534861
358196472
427961538
836752194
591483726
289615347
615347289
743829615
-----------------
627584391
854391267
391726548
419673825
736258914
582419736
165937482
243865179
978142653
-----------------
673192485
251483976
894576213
945327861
782651394
316948752
429865137
168734529
537219648
-----------------
158967423
342815769
679432581
963741852
815326947
724598136
286174395
431659278
597283614
-----------------
354216897
987534612
621978345
718345926
263891754
549627138
832759461
196482573
475163289
-----------------
791364825
436825917
582917364
367248591
259671438
814539672
943152786
625783149
178496253
-----------------
913246785
248537196
567198342
795324618
186975423
324681579
831452967
452769831
679813254
-----------------
456973821
218456973
379218465
587692134
692341587
134785692
765834219
921567348
843129756
-----------------
724639185
963851427
158472936
386145792
219763548
475298613
897316254
631524879
542987361
-----------------
589164372
362597184
174283596
897431265
643852917
251976438
725318649
938645721
416729853
-----------------
138762594
524391867
697854213
812637459
946518732
753249186
361425978
275983641
489176325
-----------------
841769325
763245891
925138746
214873659
586491273
379652184
438517962
692384517
157926438
-----------------
425618937
673249815
891537642
184376529
236495781
759182364
947823156
362751498
518964273
-----------------
347685192
265791834
198324576
816253749
953467218
724819365
672148953
581936427
439572681
-----------------
329745618
857162439
416938275
742619853
538274961
691853742
273596184
965481327
184327596
-----------------
318427569
467591238
952836714
876354192
241968357
593712486
184675923
735289641
629143875
-----------------
163487592
547692183
982315764
871243659
634958271
295176438
359724816
418569327
726831945
-----------------
831549762
276318495
459267318
918753624
764182539
325496187
593871246
187624953
642935871
-----------------
527913684
341685279
698724531
853279146
164538792
972146358
786451923
415392867
239867415
-----------------
258367941
367914852
914825367
432679185
796581234
185243796
623158479
579432618
841796523